# Forlorn Vale
# Whistlevale
779 : 777, 778, 780
778 : 358, 775, 777, 779
777 : 775, 776, 778, 779, 780
775 : 257, 358, 770, 776, 777, 778

# Cursed Forest
358 : 257, 355, 775, 778
257 : 355, 358, 770, 775
355 : 248, 257, 358, 770
248 : 231, 355, 762, 768, 770


# West Castanor
# Vale Fortress
780 : 776, 777, 779, 781, 782
776 : 770, 771, 772, 775, 777, 780, 782

# Verteben
781 : 780, 782, 784, 786
782 : 772, 774, 776, 780, 781, 786

# Merescer
784 : 781, 786, 789, 791, 793, 794
786 : 774, 781, 782, 784, 785, 787, 789
789 : 784, 786, 787, 794
787 : 785, 786, 788, 789, 794
785 : 766, 773, 774, 783, 786, 787, 788

# Taran Plains
774 : 772, 773, 782, 785, 786
772 : 769, 771, 773, 774, 776, 782
773 : 764, 765, 766, 769, 772, 774, 785, 792

# Rohibon
771 : 768, 769, 770, 772, 776
770 : 248, 257, 355, 768, 771, 775, 776
768 : 248, 762, 763, 769, 770, 771, 792
769 : 768, 771, 772, 773, 792

# Falsemir
762 : 230, 231, 248, 761, 763, 768
761 : 230, 232, 759, 762, 763
759 : 232, 728, 758, 760, 761, 763

# Adenica
763 : 759, 760, 761, 762, 765, 768, 792
792 : 763, 765, 768, 769, 773
765 : 760, 763, 764, 773, 792

# Higher Spring
764 : 760, 765, 766, 767, 773
766 : 764, 767, 773, 783, 785

#Nortmerewood
783 : 756, 766, 767, 785, 788
788 : 783, 785, 787, 790, 794
790 : 788, 794, 795

# Silvervord
760 : 757, 758, 759, 763, 764, 765, 767
767 : 756, 757, 760, 764, 766, 783
756 : 755, 757, 767, 783, 835
757 : 755, 756, 758, 760, 767

# Westwall Approach
758 : 728, 751, 753, 755, 757, 759, 760
753 : 748, 749, 751, 754, 755, 758
751 : 728, 749, 750, 753, 758

# Cannwood
728 : 232, 727, 750, 751, 758, 759
750 : 727, 728, 729, 749, 751
727 : 229, 232, 725, 726, 728, 729, 750

# Bal Mire
232 : 229, 230, 727, 728, 759, 761
229 : 230, 232, 710, 726, 727
230 : 229, 231, 232, 761, 762
231 : 230, 248, 762

# Middle Alen
710 : 229, 726
725 : 726, 727, 729, 730
726 : 229, 710, 725, 727

# Athfork
749 : 729, 730, 748, 750, 751, 753
729 : 725, 727, 730, 749, 750
730 : 725, 729, 732, 745, 748, 749
732 : 730, 741, 745

# Ebonmarch
748 : 730, 744, 745, 746, 747, 749, 753, 754
745 : 730, 732, 741, 744, 748
741 : 732, 742, 744, 745
744 : 741, 742, 743, 745, 746, 748
742 : 741, 743, 744


# South Castanor
# Oudmerewood
794 : 784, 787, 788, 789, 790, 793, 795
795 : 790, 793, 794, 796
796 : 793, 795, 799, 801, 809

# Catelsvord
793 : 784, 791, 794, 795, 796, 799
799 : 791, 793, 796, 797, 798, 801

# Devaced
791 : 784, 793, 797, 799
797 : 791, 798, 799, 802
798 : 797, 799, 800, 801, 802

# Dostan's way
802 : 797, 798, 800, 803, 807
803 : 802, 805, 807
805 : 803, 806
807 : 800, 802, 803, 806, 811

# Beastgrave
806 : 805, 807, 811, 812
812 : 806, 811, 813, 814

# Banesfork
813 : 812, 814, 819, 886
814 : 811, 812, 813, 815, 819

# Clovenwood
811 : 800, 806, 807, 808, 812, 814, 815
815 : 808, 810, 811, 814, 816, 819

# Vernham
800 : 798, 801, 802, 807, 808, 811
808 : 800, 801, 810, 811, 815

# Oudeben
801 : 796, 798, 799, 800, 808, 809, 810
809 : 796, 801, 810, 820, 822
810 : 801, 808, 809, 815, 816, 822

# Theminath
822 : 809, 810, 816, 817, 820, 823, 824
820 : 809, 821, 822, 823

# Burnoll
823 : 820, 821, 822, 824, 825, 826, 827, 828
821 : 820, 823, 825, 829
825 : 821, 823, 828, 829, 830

#Humacvord
824 : 817, 818, 822, 823, 826, 856, 857
826 : 823, 824, 827, 856
827 : 823, 826, 828, 855, 856

# Blademarch
816 : 810, 815, 817, 819, 822
817 : 816, 818, 819, 822, 824
819 : 813, 814, 815, 816, 817, 818, 886
818 : 817, 819, 824, 857, 876, 886

# Esserfork
856 : 824, 826, 827, 855, 857, 866, 875
857 : 818, 824, 856, 875, 876

# Medirleigh
876 : 818, 857, 875, 885, 886, 887
875 : 856, 857, 866, 874, 876, 877, 885
877 : 874, 875, 879, 880, 883, 885
885 : 875, 876, 877, 883, 887, 888, 890

# Swapstoke
886 : 813, 818, 819, 876, 887
887 : 876, 885, 886, 889, 890

# Hornwood
890 : 885, 887, 888, 889, 891, 892
889 : 887, 890, 892
892 : 889, 890, 891, 893

# Dryadsdale
883 : 877, 880, 882, 885, 888, 891
888 : 883, 885, 890, 891
891 : 882, 883, 888, 890, 892, 893, 895, 897

# Willowmore
893 : 891, 892, 894, 895
894 : 893, 895

# Marrhold
895 : 891, 893, 894, 896, 897
897 : 882, 884, 891, 895, 896
896 : 895, 897, 4097
4097 : 896

# Inner Castanor
# Nortmere
755 : 753, 754, 756, 757, 758, 835, 836, 837
835 : 755, 756, 834, 836
836 : 755, 834, 835, 837, 839
834 : 829, 832, 835, 836, 839

# Lower Nath
837 : 754, 755, 836, 839, 842
839 : 832, 833, 834, 836, 837, 840, 842

# Westgate
754 : 747, 748, 753, 755, 837, 842
747 : 746, 748, 754, 842, 848
842 : 747, 754, 837, 839, 840, 847, 848
848 : 746, 747, 842, 847, 850

# Northile
746 : 743, 744, 747, 748, 848, 850
743 : 742, 744, 746, 850
850 : 743, 746, 847, 848, 849
849 : 845, 846, 847, 850, 852

# Trial Mountain
840 : 833, 839, 842, 843, 847
847 : 840, 842, 843, 845, 848, 849, 850
845 : 843, 844, 846, 847, 849, 851
843 : 833, 840, 841, 844, 845, 847

# Castonath
832 : 829, 831, 833, 834, 839
833 : 831, 832, 839, 840, 841, 843
831 : 829, 830, 832, 833, 841

# Southgate
828 : 823, 825, 827, 830, 841, 853, 855
829 : 821, 825, 830, 831, 832, 834
830 : 825, 828, 829, 831, 841

# Upper Nath
855 : 827, 828, 853, 854, 856, 864, 865, 866
841 : 828, 830, 831, 833, 843, 844, 853
853 : 828, 841, 844, 854, 855

# Bradescere
844 : 841, 843, 845, 851, 853, 854
851 : 844, 845, 846, 854, 859, 864
854 : 844, 851, 853, 855, 864

# Serpentswic
846 : 845, 849, 851, 852, 859
852 : 846, 849, 858, 859
858 : 852, 859, 860, 862

# Steelhyl
860 : 858, 861, 862
861 : 860, 862, 863, 868, 870

# Coalwoud
859 : 846, 851, 852, 858, 862, 864, 869
862 : 858, 859, 860, 861, 868, 869

# Flaming Glade
864 : 851, 854, 855, 859, 865, 869
865 : 855, 864, 866, 868, 869, 872, 873
869 : 859, 862, 864, 865, 868

# Oldhaven
866 : 855, 856, 865, 873, 874, 875
874 : 866, 873, 875, 877, 879
873 : 865, 866, 872, 874, 879

# Sarwood
879 : 872, 873, 874, 877, 878, 880, 881
872 : 865, 868, 873, 878, 879
878 : 867, 868, 870, 872, 879, 881

# Fogwood
863 : 861, 867, 870, 871
868 : 861, 862, 865, 869, 870, 872, 878
870 : 861, 863, 867, 868, 878

# Nortessord
881 : 867, 871, 878, 879, 880, 882, 884, 1806
867 : 863, 870, 871, 878, 881
871 : 863, 867, 881, 1806

# Esshyl
880 : 877, 879, 881, 882, 883
882 : 880, 881, 883, 884, 891, 897
1806 : 871, 881, 884
884 : 881, 882, 897, 1806

# Optional - don't paste if not going to use!
# Gulletpeak
733 : 725, 730, 732, 734
734 : 733, 732

# Bal Dostan
441 : 802, 803

# Khugdihr
2863 : 849