# From Homebrew:
#province_group = hold_province
62
526
4149
4119
4128
4122
4208
2868
2931
4236
4056
4039
2973
4093
4217
4218
4078
4247
4284
4350
4311
4313
4265
4266
4323
2863
4097
2963
4100
2942
4238
4124
2914
912
4020
4147
5424
#province_group = white_walls
746
747
754
755
756
828
829
830
837
850
855
860
862
865
866
869
873
874
# province_group = wall_of_yanshen
4834
4833
4830
5409
4843
4975
4921
4919
4918
4922
4923
4924
# province_group = surakes_bulwari_borders
680
519
534
650
676
3263
643
2915
2922
4376
2913
566
2908
#province_group = porcelain_cities
4470
4500
4600
4493
4396
4409
#golden highway	
4816
#taric_and_cagodic_conversion_provinces
4173
4174
4176
#????
4201
4198
#Escann
854
831
832
230
231
248
229
355
358
710
725
726
730
732
741
742
778
779
803
#Gelkalis MT
675
677
678
#Dwarovrod
2895
#Dwarovrod / Gronstunad MT
4300
4302
#Spiderswretch MT
5052